# Created by Octave 3.8.0, Thu Apr 14 20:45:12 2016 MDT <amiyashrivastava@Amiya-Shrivastavas-MacBook-Pro.local>
# name: v
# type: matrix
# rows: 1
# columns: 10
 1 2 3 4 5 6 7 8 9 10


